xof 0303txt 0032

Frame Root {
  FrameTransformMatrix {
     1.000000, 0.000000, 0.000000, 0.000000,
     0.000000,-0.000000,-1.000000, 0.000000,
     0.000000, 1.000000,-0.000000, 0.000000,
     0.000000, 0.000000, 0.000000, 1.000000;;
  }
  Frame Armature {
    FrameTransformMatrix {
       1.000000, 0.000000, 0.000000, 0.000000,
       0.000000,-0.000000, 1.000000, 0.000000,
       0.000000,-1.000000,-0.000000, 0.000000,
       0.000000, 0.000000, 0.000000, 1.000000;;
    }
    Frame Armature_mixamorig_Hips {
      FrameTransformMatrix {
         0.839417, 0.214126, 0.499530, 0.000000,
        -0.021782, 0.931633,-0.362747, 0.000000,
        -0.543052, 0.293615, 0.786692, 0.000000,
        -0.056242, 1.622872,-0.086695, 1.000000;;
      }
      Frame Armature_mixamorig_LeftUpLeg {
        FrameTransformMatrix {
          -0.950312,-0.006933, 0.311220, 0.000000,
           0.279802,-0.457225, 0.844187, 0.000000,
           0.136446, 0.889324, 0.436446, 0.000000,
           0.125300,-0.064400,-0.000000, 1.000000;;
        }
        Frame Armature_mixamorig_LeftLeg {
          FrameTransformMatrix {
             0.999260,-0.030323, 0.023667, 0.000000,
             0.005471,-0.496987,-0.867741, 0.000000,
             0.038075, 0.867228,-0.496453, 0.000000,
            -0.000000, 0.468500,-0.000000, 1.000000;;
          }
          Frame Armature_mixamorig_LeftFoot {
            FrameTransformMatrix {
               0.994894,-0.088829, 0.047911, 0.000000,
              -0.014058, 0.348116, 0.937346, 0.000000,
              -0.099942,-0.933233, 0.345089, 0.000000,
              -0.000000, 0.427200,-0.000000, 1.000000;;
            }
            Frame Armature_mixamorig_LeftToeBase {
              FrameTransformMatrix {
                 0.983587, 0.000777, 0.180433, 0.000000,
                -0.090155, 0.868333, 0.487719, 0.000000,
                -0.156297,-0.495981, 0.854151, 0.000000,
                 0.000000, 0.228901, 0.000000, 1.000000;;
              }
              Frame Armature_mixamorig_LeftToe_End {
                FrameTransformMatrix {
                   1.000000,-0.000000,-0.000000, 0.000000,
                   0.000000, 1.000000, 0.000000, 0.000000,
                   0.000000,-0.000000, 1.000000, 0.000000,
                   0.000000, 0.092100,-0.000000, 1.000000;;
                }
              } // End of Armature_mixamorig_LeftToe_End
            } // End of Armature_mixamorig_LeftToeBase
          } // End of Armature_mixamorig_LeftFoot
        } // End of Armature_mixamorig_LeftLeg
      } // End of Armature_mixamorig_LeftUpLeg
      Frame Armature_mixamorig_RightUpLeg {
        FrameTransformMatrix {
          -0.922372, 0.040017,-0.384226, 0.000000,
          -0.350819,-0.503181, 0.789770, 0.000000,
          -0.161730, 0.863254, 0.478159, 0.000000,
          -0.125300,-0.064400,-0.000500, 1.000000;;
        }
        Frame Armature_mixamorig_RightLeg {
          FrameTransformMatrix {
             0.970293, 0.173506,-0.168604, 0.000000,
            -0.018043,-0.643067,-0.765597, 0.000000,
            -0.241260, 0.745896,-0.620833, 0.000000,
             0.000000, 0.467700, 0.000000, 1.000000;;
          }
          Frame Armature_mixamorig_RightFoot {
            FrameTransformMatrix {
               0.960630, 0.260115,-0.097620, 0.000000,
              -0.116285, 0.695542, 0.709013, 0.000000,
               0.252323,-0.669747, 0.698406, 0.000000,
               0.000000, 0.427200,-0.000000, 1.000000;;
            }
            Frame Armature_mixamorig_RightToeBase {
              FrameTransformMatrix {
                 0.982354,-0.008736,-0.186824, 0.000000,
                 0.085594, 0.909160, 0.407555, 0.000000,
                 0.166292,-0.416354, 0.893866, 0.000000,
                -0.000000, 0.232200, 0.000000, 1.000000;;
              }
              Frame Armature_mixamorig_RightToe_End {
                FrameTransformMatrix {
                   1.000000, 0.000000,-0.000000, 0.000000,
                   0.000000, 1.000000,-0.000000, 0.000000,
                   0.000000, 0.000000, 1.000000, 0.000000,
                   0.000000, 0.092100,-0.000000, 1.000000;;
                }
              } // End of Armature_mixamorig_RightToe_End
            } // End of Armature_mixamorig_RightToeBase
          } // End of Armature_mixamorig_RightFoot
        } // End of Armature_mixamorig_RightLeg
      } // End of Armature_mixamorig_RightUpLeg
      Frame Armature_mixamorig_Spine {
        FrameTransformMatrix {
           0.998366,-0.057150, 0.000584, 0.000000,
           0.056781, 0.992984, 0.103727, 0.000000,
          -0.006508,-0.103524, 0.994606, 0.000000,
           0.000000, 0.115900,-0.016800, 1.000000;;
        }
        Frame Armature_mixamorig_Spine1 {
          FrameTransformMatrix {
             0.995113,-0.093792,-0.030880, 0.000000,
             0.097195, 0.875190, 0.473915, 0.000000,
            -0.017423,-0.474601, 0.880029, 0.000000,
             0.000000, 0.136600, 0.000000, 1.000000;;
          }
          Frame Armature_mixamorig_Spine2 {
            FrameTransformMatrix {
               0.995113,-0.093792,-0.030880, 0.000000,
               0.097195, 0.875190, 0.473915, 0.000000,
              -0.017423,-0.474600, 0.880029, 0.000000,
               0.000000, 0.156100, 0.000000, 1.000000;;
            }
            Frame Armature_mixamorig_LeftShoulder {
              FrameTransformMatrix {
                -0.048284,-0.079348,-0.995677, 0.000000,
                 0.953299,-0.301209,-0.022225, 0.000000,
                -0.298143,-0.950251, 0.090186, 0.000000,
                 0.074900, 0.140000,-0.005500, 1.000000;;
              }
              Frame Armature_mixamorig_LeftArm {
                FrameTransformMatrix {
                   0.854843, 0.180960, 0.486309, 0.000000,
                   0.058347, 0.897750,-0.436624, 0.000000,
                  -0.515595, 0.401619, 0.756877, 0.000000,
                   0.000000, 0.167200, 0.000000, 1.000000;;
                }
                Frame Armature_mixamorig_LeftForeArm {
                  FrameTransformMatrix {
                     0.943178, 0.317965, 0.096507, 0.000000,
                    -0.330984, 0.924689, 0.188149, 0.000000,
                    -0.029414,-0.209400, 0.977387, 0.000000,
                     0.000000, 0.222500, 0.000000, 1.000000;;
                  }
                  Frame Armature_mixamorig_LeftHand {
                    FrameTransformMatrix {
                       0.979856, 0.150366,-0.131424, 0.000000,
                      -0.199033, 0.789251,-0.580920, 0.000000,
                       0.016376, 0.595376, 0.803280, 0.000000,
                       0.000000, 0.264700,-0.000000, 1.000000;;
                    }
                    Frame Armature_mixamorig_LeftHandIndex1 {
                      FrameTransformMatrix {
                         0.977782, 0.209584, 0.004138, 0.000000,
                        -0.209469, 0.976102, 0.057864, 0.000000,
                         0.008088,-0.057445, 0.998316, 0.000000,
                        -0.033700, 0.119900, 0.001000, 1.000000;;
                      }
                      Frame Armature_mixamorig_LeftHandIndex2 {
                        FrameTransformMatrix {
                           0.999959,-0.009111,-0.000332, 0.000000,
                           0.008833, 0.959153, 0.282751, 0.000000,
                          -0.002258,-0.282742, 0.959194, 0.000000,
                          -0.000100, 0.036300, 0.000000, 1.000000;;
                        }
                        Frame Armature_mixamorig_LeftHandIndex3 {
                          FrameTransformMatrix {
                             0.999994, 0.003390,-0.000163, 0.000000,
                            -0.003390, 0.999994,-0.000001, 0.000000,
                             0.000163, 0.000002, 1.000000, 0.000000,
                            -0.000000, 0.034900, 0.000000, 1.000000;;
                          }
                          Frame Armature_mixamorig_LeftHandIndex4 {
                            FrameTransformMatrix {
                               1.000000, 0.000000, 0.000000, 0.000000,
                              -0.000000, 1.000000, 0.000000, 0.000000,
                              -0.000000,-0.000000, 1.000000, 0.000000,
                               0.000100, 0.029500, 0.000000, 1.000000;;
                            }
                          } // End of Armature_mixamorig_LeftHandIndex4
                        } // End of Armature_mixamorig_LeftHandIndex3
                      } // End of Armature_mixamorig_LeftHandIndex2
                    } // End of Armature_mixamorig_LeftHandIndex1
                    Frame Armature_mixamorig_LeftHandMiddle1 {
                      FrameTransformMatrix {
                         0.996213,-0.076433,-0.041437, 0.000000,
                         0.083780, 0.971305, 0.222593, 0.000000,
                         0.023235,-0.225222, 0.974030, 0.000000,
                        -0.010400, 0.123900,-0.000800, 1.000000;;
                      }
                      Frame Armature_mixamorig_LeftHandMiddle2 {
                        FrameTransformMatrix {
                           0.999391, 0.033758, 0.008831, 0.000000,
                          -0.034683, 0.933194, 0.357695, 0.000000,
                           0.003834,-0.357783, 0.933797, 0.000000,
                          -0.000100, 0.037200, 0.000000, 1.000000;;
                        }
                        Frame Armature_mixamorig_LeftHandMiddle3 {
                          FrameTransformMatrix {
                             1.000000, 0.000451,-0.000001, 0.000000,
                            -0.000451, 1.000000,-0.000000, 0.000000,
                             0.000001, 0.000000, 1.000000, 0.000000,
                             0.000100, 0.035100, 0.000000, 1.000000;;
                          }
                          Frame Armature_mixamorig_LeftHandMiddle4 {
                            FrameTransformMatrix {
                               1.000000,-0.000000,-0.000000, 0.000000,
                               0.000000, 1.000000, 0.000000, 0.000000,
                              -0.000000,-0.000000, 1.000000, 0.000000,
                               0.000100, 0.030300,-0.000000, 1.000000;;
                            }
                          } // End of Armature_mixamorig_LeftHandMiddle4
                        } // End of Armature_mixamorig_LeftHandMiddle3
                      } // End of Armature_mixamorig_LeftHandMiddle2
                    } // End of Armature_mixamorig_LeftHandMiddle1
                    Frame Armature_mixamorig_LeftHandPinky1 {
                      FrameTransformMatrix {
                         0.966619,-0.251334,-0.049788, 0.000000,
                         0.239555, 0.817596, 0.523593, 0.000000,
                        -0.090890,-0.518042, 0.850512, 0.000000,
                         0.031000, 0.107500, 0.000700, 1.000000;;
                      }
                      Frame Armature_mixamorig_LeftHandPinky2 {
                        FrameTransformMatrix {
                           0.996333, 0.085291, 0.006827, 0.000000,
                          -0.071513, 0.786268, 0.613733, 0.000000,
                           0.046978,-0.611971, 0.789484, 0.000000,
                           0.000000, 0.028500, 0.000000, 1.000000;;
                        }
                        Frame Armature_mixamorig_LeftHandPinky3 {
                          FrameTransformMatrix {
                             0.999988,-0.004831,-0.000625, 0.000000,
                             0.004831, 0.999988,-0.000004, 0.000000,
                             0.000625, 0.000001, 1.000000, 0.000000,
                             0.000000, 0.024000,-0.000000, 1.000000;;
                          }
                          Frame Armature_mixamorig_LeftHandPinky4 {
                            FrameTransformMatrix {
                               1.000000,-0.000000,-0.000000, 0.000000,
                              -0.000000, 1.000000, 0.000000, 0.000000,
                               0.000000, 0.000000, 1.000000, 0.000000,
                              -0.000100, 0.020700,-0.000000, 1.000000;;
                            }
                          } // End of Armature_mixamorig_LeftHandPinky4
                        } // End of Armature_mixamorig_LeftHandPinky3
                      } // End of Armature_mixamorig_LeftHandPinky2
                    } // End of Armature_mixamorig_LeftHandPinky1
                    Frame Armature_mixamorig_LeftHandRing1 {
                      FrameTransformMatrix {
                         0.982840,-0.179669,-0.041761, 0.000000,
                         0.177381, 0.858479, 0.481196, 0.000000,
                        -0.050605,-0.480346, 0.875618, 0.000000,
                         0.013100, 0.116600,-0.000200, 1.000000;;
                      }
                      Frame Armature_mixamorig_LeftHandRing2 {
                        FrameTransformMatrix {
                           0.998902, 0.046053, 0.008649, 0.000000,
                          -0.044056, 0.860150, 0.508135, 0.000000,
                           0.015962,-0.507958, 0.861234, 0.000000,
                          -0.000100, 0.035000, 0.000000, 1.000000;;
                        }
                        Frame Armature_mixamorig_LeftHandRing3 {
                          FrameTransformMatrix {
                             1.000000,-0.000000,-0.000000, 0.000000,
                            -0.000000, 1.000000, 0.000000, 0.000000,
                             0.000000,-0.000000, 1.000000, 0.000000,
                             0.000000, 0.034400, 0.000000, 1.000000;;
                          }
                          Frame Armature_mixamorig_LeftHandRing4 {
                            FrameTransformMatrix {
                               1.000000, 0.000000, 0.000000, 0.000000,
                               0.000000, 1.000000, 0.000000, 0.000000,
                               0.000000, 0.000000, 1.000000, 0.000000,
                               0.000000, 0.029800, 0.000000, 1.000000;;
                            }
                          } // End of Armature_mixamorig_LeftHandRing4
                        } // End of Armature_mixamorig_LeftHandRing3
                      } // End of Armature_mixamorig_LeftHandRing2
                    } // End of Armature_mixamorig_LeftHandRing1
                    Frame Armature_mixamorig_LeftHandThumb1 {
                      FrameTransformMatrix {
                         0.847646, 0.515916,-0.123799, 0.000000,
                        -0.365149, 0.736556, 0.569343, 0.000000,
                         0.384918,-0.437396, 0.812725, 0.000000,
                        -0.035000, 0.038900, 0.009500, 1.000000;;
                      }
                      Frame Armature_mixamorig_LeftHandThumb2 {
                        FrameTransformMatrix {
                           0.999304,-0.037266, 0.001508, 0.000000,
                           0.037284, 0.999198,-0.014594, 0.000000,
                          -0.000963, 0.014640, 0.999892, 0.000000,
                          -0.000600, 0.042600,-0.000000, 1.000000;;
                        }
                        Frame Armature_mixamorig_LeftHandThumb3 {
                          FrameTransformMatrix {
                             0.992568, 0.121682, 0.001672, 0.000000,
                            -0.121682, 0.992569,-0.000123, 0.000000,
                            -0.001675,-0.000082, 0.999999, 0.000000,
                            -0.002100, 0.042700, 0.000000, 1.000000;;
                          }
                          Frame Armature_mixamorig_LeftHandThumb4 {
                            FrameTransformMatrix {
                               1.000000,-0.000000, 0.000000, 0.000000,
                               0.000000, 1.000000,-0.000000, 0.000000,
                               0.000000, 0.000000, 1.000000, 0.000000,
                               0.002700, 0.037000, 0.000000, 1.000000;;
                            }
                          } // End of Armature_mixamorig_LeftHandThumb4
                        } // End of Armature_mixamorig_LeftHandThumb3
                      } // End of Armature_mixamorig_LeftHandThumb2
                    } // End of Armature_mixamorig_LeftHandThumb1
                  } // End of Armature_mixamorig_LeftHand
                } // End of Armature_mixamorig_LeftForeArm
              } // End of Armature_mixamorig_LeftArm
            } // End of Armature_mixamorig_LeftShoulder
            Frame Armature_mixamorig_Neck {
              FrameTransformMatrix {
                 0.988690,-0.108043,-0.104015, 0.000000,
                 0.122454, 0.981980, 0.143944, 0.000000,
                 0.086588,-0.155053, 0.984104, 0.000000,
                -0.000000, 0.175600,-0.000000, 1.000000;;
              }
              Frame Armature_mixamorig_Head {
                FrameTransformMatrix {
                   0.987696, 0.051479,-0.147674, 0.000000,
                  -0.043397, 0.997405, 0.057443, 0.000000,
                   0.150248,-0.050328, 0.987367, 0.000000,
                   0.000000, 0.090200, 0.041700, 1.000000;;
                }
                Frame Armature_mixamorig_HeadTop_End {
                  FrameTransformMatrix {
                     1.000000, 0.000000, 0.000000, 0.000000,
                    -0.000000, 1.000000,-0.000000, 0.000000,
                     0.000000,-0.000000, 1.000000, 0.000000,
                     0.000000, 0.226500, 0.104700, 1.000000;;
                  }
                } // End of Armature_mixamorig_HeadTop_End
              } // End of Armature_mixamorig_Head
            } // End of Armature_mixamorig_Neck
            Frame Armature_mixamorig_RightShoulder {
              FrameTransformMatrix {
                -0.256097, 0.107485, 0.960656, 0.000000,
                -0.943101,-0.245810,-0.223914, 0.000000,
                 0.212071,-0.963340, 0.164320, 0.000000,
                -0.074900, 0.139900,-0.004800, 1.000000;;
              }
              Frame Armature_mixamorig_RightArm {
                FrameTransformMatrix {
                   0.886801, 0.021033,-0.461673, 0.000000,
                  -0.169984, 0.943782,-0.283516, 0.000000,
                   0.429755, 0.329899, 0.840522, 0.000000,
                   0.000000, 0.167200,-0.000000, 1.000000;;
                }
                Frame Armature_mixamorig_RightForeArm {
                  FrameTransformMatrix {
                     0.863671,-0.503676, 0.019587, 0.000000,
                     0.498417, 0.859159, 0.115871, 0.000000,
                    -0.075190,-0.090312, 0.993071, 0.000000,
                    -0.000000, 0.222600,-0.000000, 1.000000;;
                  }
                  Frame Armature_mixamorig_RightHand {
                    FrameTransformMatrix {
                       0.951427, 0.020542, 0.307190, 0.000000,
                       0.154118, 0.831980,-0.532969, 0.000000,
                      -0.266524, 0.554425, 0.788402, 0.000000,
                       0.000000, 0.266200,-0.000000, 1.000000;;
                    }
                    Frame Armature_mixamorig_RightHandIndex1 {
                      FrameTransformMatrix {
                         0.996584,-0.082514,-0.003388, 0.000000,
                         0.082542, 0.993927, 0.072775, 0.000000,
                        -0.002638,-0.072806, 0.997343, 0.000000,
                         0.033400, 0.116100, 0.000800, 1.000000;;
                      }
                      Frame Armature_mixamorig_RightHandIndex2 {
                        FrameTransformMatrix {
                           0.999935, 0.011336, 0.001379, 0.000000,
                          -0.011245, 0.956416, 0.291791, 0.000000,
                           0.001989,-0.291788, 0.956481, 0.000000,
                          -0.000000, 0.037600, 0.000000, 1.000000;;
                        }
                        Frame Armature_mixamorig_RightHandIndex3 {
                          FrameTransformMatrix {
                             0.999995, 0.003215, 0.000146, 0.000000,
                            -0.003215, 0.999995, 0.000001, 0.000000,
                            -0.000146,-0.000002, 1.000000, 0.000000,
                            -0.000000, 0.035900, 0.000000, 1.000000;;
                          }
                          Frame Armature_mixamorig_RightHandIndex4 {
                            FrameTransformMatrix {
                               1.000000, 0.000000, 0.000000, 0.000000,
                               0.000000, 1.000000, 0.000000, 0.000000,
                              -0.000000, 0.000000, 1.000000, 0.000000,
                               0.000100, 0.031100,-0.000000, 1.000000;;
                            }
                          } // End of Armature_mixamorig_RightHandIndex4
                        } // End of Armature_mixamorig_RightHandIndex3
                      } // End of Armature_mixamorig_RightHandIndex2
                    } // End of Armature_mixamorig_RightHandIndex1
                    Frame Armature_mixamorig_RightHandMiddle1 {
                      FrameTransformMatrix {
                         0.999169,-0.040701,-0.002251, 0.000000,
                         0.040301, 0.978032, 0.204523, 0.000000,
                        -0.006122,-0.204444, 0.978859, 0.000000,
                         0.011100, 0.122300,-0.000700, 1.000000;;
                      }
                      Frame Armature_mixamorig_RightHandMiddle2 {
                        FrameTransformMatrix {
                           0.998828,-0.045996,-0.015049, 0.000000,
                           0.047384, 0.866245, 0.497367, 0.000000,
                          -0.009840,-0.497498, 0.867409, 0.000000,
                           0.000100, 0.037700, 0.000000, 1.000000;;
                        }
                        Frame Armature_mixamorig_RightHandMiddle3 {
                          FrameTransformMatrix {
                             1.000000,-0.000430,-0.000024, 0.000000,
                             0.000430, 1.000000, 0.000000, 0.000000,
                             0.000024,-0.000000, 1.000000, 0.000000,
                            -0.000100, 0.035100,-0.000000, 1.000000;;
                          }
                          Frame Armature_mixamorig_RightHandMiddle4 {
                            FrameTransformMatrix {
                               1.000000, 0.000000,-0.000000, 0.000000,
                               0.000000, 1.000000, 0.000000, 0.000000,
                               0.000000,-0.000000, 1.000000, 0.000000,
                              -0.000100, 0.030500, 0.000000, 1.000000;;
                            }
                          } // End of Armature_mixamorig_RightHandMiddle4
                        } // End of Armature_mixamorig_RightHandMiddle3
                      } // End of Armature_mixamorig_RightHandMiddle2
                    } // End of Armature_mixamorig_RightHandMiddle1
                    Frame Armature_mixamorig_RightHandPinky1 {
                      FrameTransformMatrix {
                         0.993944, 0.090068, 0.062958, 0.000000,
                        -0.107343, 0.918417, 0.380773, 0.000000,
                        -0.023526,-0.385225, 0.922523, 0.000000,
                        -0.031800, 0.104700, 0.002400, 1.000000;;
                      }
                      Frame Armature_mixamorig_RightHandPinky2 {
                        FrameTransformMatrix {
                           0.989692,-0.140916,-0.025559, 0.000000,
                           0.125640, 0.768639, 0.627222, 0.000000,
                          -0.068740,-0.623968, 0.778421, 0.000000,
                           0.000000, 0.028700,-0.000000, 1.000000;;
                        }
                        Frame Armature_mixamorig_RightHandPinky3 {
                          FrameTransformMatrix {
                             0.999987,-0.005128, 0.000319, 0.000000,
                             0.005128, 0.999987, 0.000000, 0.000000,
                            -0.000319, 0.000001, 1.000000, 0.000000,
                             0.000000, 0.024300,-0.000000, 1.000000;;
                          }
                          Frame Armature_mixamorig_RightHandPinky4 {
                            FrameTransformMatrix {
                               1.000000,-0.000000, 0.000000, 0.000000,
                               0.000000, 1.000000, 0.000000, 0.000000,
                               0.000000, 0.000000, 1.000000, 0.000000,
                              -0.000100, 0.019500, 0.000000, 1.000000;;
                            }
                          } // End of Armature_mixamorig_RightHandPinky4
                        } // End of Armature_mixamorig_RightHandPinky3
                      } // End of Armature_mixamorig_RightHandPinky2
                    } // End of Armature_mixamorig_RightHandPinky1
                    Frame Armature_mixamorig_RightHandRing1 {
                      FrameTransformMatrix {
                         0.998760, 0.042065, 0.026622, 0.000000,
                        -0.048666, 0.937576, 0.344358, 0.000000,
                        -0.010474,-0.345227, 0.938461, 0.000000,
                        -0.012700, 0.114700,-0.002300, 1.000000;;
                      }
                      Frame Armature_mixamorig_RightHandRing2 {
                        FrameTransformMatrix {
                           0.997794,-0.064143,-0.017109, 0.000000,
                           0.061799, 0.803348, 0.592295, 0.000000,
                          -0.024247,-0.592046, 0.805540, 0.000000,
                           0.000000, 0.036200, 0.000000, 1.000000;;
                        }
                        Frame Armature_mixamorig_RightHandRing3 {
                          FrameTransformMatrix {
                             0.999980, 0.006252, 0.000037, 0.000000,
                            -0.006252, 0.999981, 0.000003, 0.000000,
                            -0.000037,-0.000003, 1.000000, 0.000000,
                            -0.000100, 0.034400,-0.000000, 1.000000;;
                          }
                          Frame Armature_mixamorig_RightHandRing4 {
                            FrameTransformMatrix {
                               1.000000,-0.000000, 0.000000, 0.000000,
                               0.000000, 1.000000,-0.000000, 0.000000,
                              -0.000000, 0.000000, 1.000000, 0.000000,
                               0.000100, 0.029900,-0.000000, 1.000000;;
                            }
                          } // End of Armature_mixamorig_RightHandRing4
                        } // End of Armature_mixamorig_RightHandRing3
                      } // End of Armature_mixamorig_RightHandRing2
                    } // End of Armature_mixamorig_RightHandRing1
                    Frame Armature_mixamorig_RightHandThumb1 {
                      FrameTransformMatrix {
                         0.844528,-0.525310,-0.104030, 0.000000,
                         0.523640, 0.769395, 0.365831, 0.000000,
                        -0.112135,-0.363429, 0.924849, 0.000000,
                         0.033800, 0.036700, 0.010800, 1.000000;;
                      }
                      Frame Armature_mixamorig_RightHandThumb2 {
                        FrameTransformMatrix {
                           0.920560, 0.390598, 0.001369, 0.000000,
                          -0.390518, 0.920289, 0.023762, 0.000000,
                           0.008022,-0.022409, 0.999717, 0.000000,
                           0.000600, 0.040800, 0.000000, 1.000000;;
                        }
                        Frame Armature_mixamorig_RightHandThumb3 {
                          FrameTransformMatrix {
                             0.985598,-0.169105, 0.000174, 0.000000,
                             0.169105, 0.985598, 0.000019, 0.000000,
                            -0.000175, 0.000011, 1.000000, 0.000000,
                             0.002900, 0.042400,-0.000000, 1.000000;;
                          }
                          Frame Armature_mixamorig_RightHandThumb4 {
                            FrameTransformMatrix {
                               1.000000, 0.000000,-0.000000, 0.000000,
                              -0.000000, 1.000000,-0.000000, 0.000000,
                               0.000000, 0.000000, 1.000000, 0.000000,
                              -0.003600, 0.035300, 0.000000, 1.000000;;
                            }
                          } // End of Armature_mixamorig_RightHandThumb4
                        } // End of Armature_mixamorig_RightHandThumb3
                      } // End of Armature_mixamorig_RightHandThumb2
                    } // End of Armature_mixamorig_RightHandThumb1
                  } // End of Armature_mixamorig_RightHand
                } // End of Armature_mixamorig_RightForeArm
              } // End of Armature_mixamorig_RightArm
            } // End of Armature_mixamorig_RightShoulder
          } // End of Armature_mixamorig_Spine2
        } // End of Armature_mixamorig_Spine1
      } // End of Armature_mixamorig_Spine
    } // End of Armature_mixamorig_Hips
  } // End of Armature
} // End of Root
AnimationSet Global {
  Animation {
    {Armature}
    AnimationKey { // Rotation
      0;
      36;
      0;4;-0.707107, 0.707107, 0.000000, 0.000000;;,
      1;4;-0.707107, 0.707107, 0.000000, 0.000000;;,
      2;4;-0.707107, 0.707107, 0.000000, 0.000000;;,
      3;4;-0.707107, 0.707107, 0.000000, 0.000000;;,
      4;4;-0.707107, 0.707107, 0.000000, 0.000000;;,
      5;4;-0.707107, 0.707107, 0.000000, 0.000000;;,
      6;4;-0.707107, 0.707107, 0.000000, 0.000000;;,
      7;4;-0.707107, 0.707107, 0.000000, 0.000000;;,
      8;4;-0.707107, 0.707107, 0.000000, 0.000000;;,
      9;4;-0.707107, 0.707107, 0.000000, 0.000000;;,
      10;4;-0.707107, 0.707107, 0.000000, 0.000000;;,
      11;4;-0.707107, 0.707107, 0.000000, 0.000000;;,
      12;4;-0.707107, 0.707107, 0.000000, 0.000000;;,
      13;4;-0.707107, 0.707107, 0.000000, 0.000000;;,
      14;4;-0.707107, 0.707107, 0.000000, 0.000000;;,
      15;4;-0.707107, 0.707107, 0.000000, 0.000000;;,
      16;4;-0.707107, 0.707107, 0.000000, 0.000000;;,
      17;4;-0.707107, 0.707107, 0.000000, 0.000000;;,
      18;4;-0.707107, 0.707107, 0.000000, 0.000000;;,
      19;4;-0.707107, 0.707107, 0.000000, 0.000000;;,
      20;4;-0.707107, 0.707107, 0.000000, 0.000000;;,
      21;4;-0.707107, 0.707107, 0.000000, 0.000000;;,
      22;4;-0.707107, 0.707107, 0.000000, 0.000000;;,
      23;4;-0.707107, 0.707107, 0.000000, 0.000000;;,
      24;4;-0.707107, 0.707107, 0.000000, 0.000000;;,
      25;4;-0.707107, 0.707107, 0.000000, 0.000000;;,
      26;4;-0.707107, 0.707107, 0.000000, 0.000000;;,
      27;4;-0.707107, 0.707107, 0.000000, 0.000000;;,
      28;4;-0.707107, 0.707107, 0.000000, 0.000000;;,
      29;4;-0.707107, 0.707107, 0.000000, 0.000000;;,
      30;4;-0.707107, 0.707107, 0.000000, 0.000000;;,
      31;4;-0.707107, 0.707107, 0.000000, 0.000000;;,
      32;4;-0.707107, 0.707107, 0.000000, 0.000000;;,
      33;4;-0.707107, 0.707107, 0.000000, 0.000000;;,
      34;4;-0.707107, 0.707107, 0.000000, 0.000000;;,
      35;4;-0.707107, 0.707107, 0.000000, 0.000000;;;
    }
    AnimationKey { // Scale
      1;
      36;
      0;3; 1.000000, 1.000000, 1.000000;;,
      1;3; 1.000000, 1.000000, 1.000000;;,
      2;3; 1.000000, 1.000000, 1.000000;;,
      3;3; 1.000000, 1.000000, 1.000000;;,
      4;3; 1.000000, 1.000000, 1.000000;;,
      5;3; 1.000000, 1.000000, 1.000000;;,
      6;3; 1.000000, 1.000000, 1.000000;;,
      7;3; 1.000000, 1.000000, 1.000000;;,
      8;3; 1.000000, 1.000000, 1.000000;;,
      9;3; 1.000000, 1.000000, 1.000000;;,
      10;3; 1.000000, 1.000000, 1.000000;;,
      11;3; 1.000000, 1.000000, 1.000000;;,
      12;3; 1.000000, 1.000000, 1.000000;;,
      13;3; 1.000000, 1.000000, 1.000000;;,
      14;3; 1.000000, 1.000000, 1.000000;;,
      15;3; 1.000000, 1.000000, 1.000000;;,
      16;3; 1.000000, 1.000000, 1.000000;;,
      17;3; 1.000000, 1.000000, 1.000000;;,
      18;3; 1.000000, 1.000000, 1.000000;;,
      19;3; 1.000000, 1.000000, 1.000000;;,
      20;3; 1.000000, 1.000000, 1.000000;;,
      21;3; 1.000000, 1.000000, 1.000000;;,
      22;3; 1.000000, 1.000000, 1.000000;;,
      23;3; 1.000000, 1.000000, 1.000000;;,
      24;3; 1.000000, 1.000000, 1.000000;;,
      25;3; 1.000000, 1.000000, 1.000000;;,
      26;3; 1.000000, 1.000000, 1.000000;;,
      27;3; 1.000000, 1.000000, 1.000000;;,
      28;3; 1.000000, 1.000000, 1.000000;;,
      29;3; 1.000000, 1.000000, 1.000000;;,
      30;3; 1.000000, 1.000000, 1.000000;;,
      31;3; 1.000000, 1.000000, 1.000000;;,
      32;3; 1.000000, 1.000000, 1.000000;;,
      33;3; 1.000000, 1.000000, 1.000000;;,
      34;3; 1.000000, 1.000000, 1.000000;;,
      35;3; 1.000000, 1.000000, 1.000000;;;
    }
    AnimationKey { // Position
      2;
      36;
      0;3; 0.000000, 0.000000, 0.000000;;,
      1;3; 0.000000, 0.000000, 0.000000;;,
      2;3; 0.000000, 0.000000, 0.000000;;,
      3;3; 0.000000, 0.000000, 0.000000;;,
      4;3; 0.000000, 0.000000, 0.000000;;,
      5;3; 0.000000, 0.000000, 0.000000;;,
      6;3; 0.000000, 0.000000, 0.000000;;,
      7;3; 0.000000, 0.000000, 0.000000;;,
      8;3; 0.000000, 0.000000, 0.000000;;,
      9;3; 0.000000, 0.000000, 0.000000;;,
      10;3; 0.000000, 0.000000, 0.000000;;,
      11;3; 0.000000, 0.000000, 0.000000;;,
      12;3; 0.000000, 0.000000, 0.000000;;,
      13;3; 0.000000, 0.000000, 0.000000;;,
      14;3; 0.000000, 0.000000, 0.000000;;,
      15;3; 0.000000, 0.000000, 0.000000;;,
      16;3; 0.000000, 0.000000, 0.000000;;,
      17;3; 0.000000, 0.000000, 0.000000;;,
      18;3; 0.000000, 0.000000, 0.000000;;,
      19;3; 0.000000, 0.000000, 0.000000;;,
      20;3; 0.000000, 0.000000, 0.000000;;,
      21;3; 0.000000, 0.000000, 0.000000;;,
      22;3; 0.000000, 0.000000, 0.000000;;,
      23;3; 0.000000, 0.000000, 0.000000;;,
      24;3; 0.000000, 0.000000, 0.000000;;,
      25;3; 0.000000, 0.000000, 0.000000;;,
      26;3; 0.000000, 0.000000, 0.000000;;,
      27;3; 0.000000, 0.000000, 0.000000;;,
      28;3; 0.000000, 0.000000, 0.000000;;,
      29;3; 0.000000, 0.000000, 0.000000;;,
      30;3; 0.000000, 0.000000, 0.000000;;,
      31;3; 0.000000, 0.000000, 0.000000;;,
      32;3; 0.000000, 0.000000, 0.000000;;,
      33;3; 0.000000, 0.000000, 0.000000;;,
      34;3; 0.000000, 0.000000, 0.000000;;,
      35;3; 0.000000, 0.000000, 0.000000;;;
    }
  }
  Animation {
    {Armature_mixamorig_Hips}
    AnimationKey { // Rotation
      0;
      36;
      0;4;-0.936542,-0.112539,-0.331892,-0.008451;;,
      1;4;-0.934528,-0.115174,-0.336653,-0.007545;;,
      2;4;-0.932637,-0.110839,-0.343351,-0.003496;;,
      3;4;-0.932881,-0.104911,-0.344526, 0.005303;;,
      4;4;-0.935564,-0.100333,-0.338122, 0.018066;;,
      5;4;-0.938788,-0.094062,-0.329738, 0.033192;;,
      6;4;-0.940662,-0.080973,-0.325937, 0.048615;;,
      7;4;-0.940765,-0.061038,-0.327371, 0.063751;;,
      8;4;-0.939897,-0.044755,-0.329100, 0.079269;;,
      9;4;-0.938840,-0.035950,-0.329107, 0.094742;;,
      10;4;-0.937696,-0.032934,-0.329157, 0.106287;;,
      11;4;-0.936456,-0.034989,-0.330725, 0.111564;;,
      12;4;-0.935441,-0.043352,-0.333139, 0.109952;;,
      13;4;-0.934924,-0.058846,-0.333951, 0.104554;;,
      14;4;-0.934764,-0.080714,-0.331417, 0.099322;;,
      15;4;-0.934534,-0.106706,-0.325769, 0.095572;;,
      16;4;-0.934067,-0.133618,-0.318222, 0.091654;;,
      17;4;-0.933675,-0.158008,-0.309788, 0.085530;;,
      18;4;-0.933868,-0.176372,-0.301297, 0.077486;;,
      19;4;-0.935082,-0.185611,-0.293757, 0.069835;;,
      20;4;-0.937040,-0.186417,-0.287970, 0.065402;;,
      21;4;-0.939775,-0.182381,-0.282098, 0.063088;;,
      22;4;-0.943099,-0.173991,-0.276371, 0.062535;;,
      23;4;-0.946803,-0.161732,-0.270905, 0.063381;;,
      24;4;-0.950691,-0.146018,-0.265728, 0.065224;;,
      25;4;-0.954568,-0.127383,-0.260847, 0.067327;;,
      26;4;-0.958211,-0.106784,-0.256371, 0.068576;;,
      27;4;-0.961557,-0.084956,-0.252135, 0.067961;;,
      28;4;-0.965142,-0.060506,-0.246273, 0.064729;;,
      29;4;-0.968833,-0.041423,-0.236691, 0.060200;;,
      30;4;-0.973160,-0.028798,-0.221525, 0.055285;;,
      31;4;-0.977750,-0.021625,-0.202682, 0.049564;;,
      32;4;-0.981883,-0.018262,-0.183804, 0.042282;;,
      33;4;-0.985265,-0.018561,-0.166793, 0.032993;;,
      34;4;-0.988149,-0.021200,-0.150258, 0.023115;;,
      35;4;-0.990939,-0.014359,-0.132284, 0.018270;;;
    }
    AnimationKey { // Scale
      1;
      36;
      0;3; 1.000000, 1.000000, 1.000000;;,
      1;3; 1.000000, 1.000000, 1.000000;;,
      2;3; 1.000000, 1.000000, 1.000000;;,
      3;3; 1.000000, 1.000000, 1.000000;;,
      4;3; 1.000000, 1.000000, 1.000000;;,
      5;3; 1.000000, 1.000000, 1.000000;;,
      6;3; 1.000000, 1.000000, 1.000000;;,
      7;3; 1.000000, 1.000000, 1.000000;;,
      8;3; 1.000000, 1.000000, 1.000000;;,
      9;3; 1.000000, 1.000000, 1.000000;;,
      10;3; 1.000000, 1.000000, 1.000000;;,
      11;3; 1.000000, 1.000000, 1.000000;;,
      12;3; 1.000000, 1.000000, 1.000000;;,
      13;3; 1.000000, 1.000000, 1.000000;;,
      14;3; 1.000000, 1.000000, 1.000000;;,
      15;3; 1.000000, 1.000000, 1.000000;;,
      16;3; 1.000000, 1.000000, 1.000000;;,
      17;3; 1.000000, 1.000000, 1.000000;;,
      18;3; 1.000000, 1.000000, 1.000000;;,
      19;3; 1.000000, 1.000000, 1.000000;;,
      20;3; 1.000000, 1.000000, 1.000000;;,
      21;3; 1.000000, 1.000000, 1.000000;;,
      22;3; 1.000000, 1.000000, 1.000000;;,
      23;3; 1.000000, 1.000000, 1.000000;;,
      24;3; 1.000000, 1.000000, 1.000000;;,
      25;3; 1.000000, 1.000000, 1.000000;;,
      26;3; 1.000000, 1.000000, 1.000000;;,
      27;3; 1.000000, 1.000000, 1.000000;;,
      28;3; 1.000000, 1.000000, 1.000000;;,
      29;3; 1.000000, 1.000000, 1.000000;;,
      30;3; 1.000000, 1.000000, 1.000000;;,
      31;3; 1.000000, 1.000000, 1.000000;;,
      32;3; 1.000000, 1.000000, 1.000000;;,
      33;3; 1.000000, 1.000000, 1.000000;;,
      34;3; 1.000000, 1.000000, 1.000000;;,
      35;3; 1.000000, 1.000000, 1.000000;;;
    }
    AnimationKey { // Position
      2;
      36;
      0;3;-0.043803, 1.009660,-0.038903;;,
      1;3;-0.066823, 1.069822,-0.033620;;,
      2;3;-0.084918, 1.128398,-0.031277;;,
      3;3;-0.092985, 1.197558,-0.031964;;,
      4;3;-0.090686, 1.271579,-0.034033;;,
      5;3;-0.083980, 1.339505,-0.038563;;,
      6;3;-0.074779, 1.401787,-0.043710;;,
      7;3;-0.063123, 1.459903,-0.048062;;,
      8;3;-0.052370, 1.512060,-0.053543;;,
      9;3;-0.043952, 1.558967,-0.059821;;,
      10;3;-0.038648, 1.598539,-0.066354;;,
      11;3;-0.035631, 1.633486,-0.073084;;,
      12;3;-0.034169, 1.662815,-0.079160;;,
      13;3;-0.034059, 1.685543,-0.084016;;,
      14;3;-0.035701, 1.701067,-0.087693;;,
      15;3;-0.039255, 1.708926,-0.090423;;,
      16;3;-0.044098, 1.708993,-0.092188;;,
      17;3;-0.049132, 1.702065,-0.092994;;,
      18;3;-0.053507, 1.689724,-0.093321;;,
      19;3;-0.056733, 1.673811,-0.093685;;,
      20;3;-0.057986, 1.658611,-0.093081;;,
      21;3;-0.057740, 1.641636,-0.090727;;,
      22;3;-0.056242, 1.622872,-0.086695;;,
      23;3;-0.053900, 1.602228,-0.081116;;,
      24;3;-0.051283, 1.579612,-0.074188;;,
      25;3;-0.048963, 1.554755,-0.066076;;,
      26;3;-0.047284, 1.527242,-0.056882;;,
      27;3;-0.046270, 1.495383,-0.046209;;,
      28;3;-0.045768, 1.451771,-0.031669;;,
      29;3;-0.045898, 1.403040,-0.015647;;,
      30;3;-0.046598, 1.349120, 0.001284;;,
      31;3;-0.047706, 1.290219, 0.017944;;,
      32;3;-0.048800, 1.226147, 0.033249;;,
      33;3;-0.049366, 1.156869, 0.046119;;,
      34;3;-0.049716, 1.084639, 0.054587;;,
      35;3;-0.051213, 1.014006, 0.057064;;;
    }
  }
  Animation {
    {Armature_mixamorig_Spine}
